1.0000e-04 2.1751e+43
1.0975e-04 2.1751e+43
1.2045e-04 2.1751e+43
1.3219e-04 2.1751e+43
1.4508e-04 2.1751e+43
1.5923e-04 2.1751e+43
1.7475e-04 2.1751e+43
1.9179e-04 2.1751e+43
2.1049e-04 2.1751e+43
2.3101e-04 2.1751e+43
2.5354e-04 2.1751e+43
2.7826e-04 2.1751e+43
3.0539e-04 2.1751e+43
3.3516e-04 2.1751e+43
3.6784e-04 2.1751e+43
4.0370e-04 2.1751e+43
4.4306e-04 2.1751e+43
4.8626e-04 2.1751e+43
5.3367e-04 2.1751e+43
5.8570e-04 2.1751e+43
6.4281e-04 2.1751e+43
7.0548e-04 2.1751e+43
7.7426e-04 2.1751e+43
8.4975e-04 2.1751e+43
9.3260e-04 2.1751e+43
1.0235e-03 2.1751e+43
1.1233e-03 2.1751e+43
1.2328e-03 2.1751e+43
1.3530e-03 2.1751e+43
1.4850e-03 2.1751e+43
1.6298e-03 2.1751e+43
1.7886e-03 2.1751e+43
1.9630e-03 2.1751e+43
2.1544e-03 2.1751e+43
2.3645e-03 2.1751e+43
2.5950e-03 2.1751e+43
2.8480e-03 2.1751e+43
3.1257e-03 2.1751e+43
3.4305e-03 2.1751e+43
3.7649e-03 2.1751e+43
4.1320e-03 2.1751e+43
4.5349e-03 2.1751e+43
4.9770e-03 2.1751e+43
5.4623e-03 2.1751e+43
5.9948e-03 2.1751e+43
6.5793e-03 2.1751e+43
7.2208e-03 2.1751e+43
7.9248e-03 2.1751e+43
8.6975e-03 2.1751e+43
9.5455e-03 2.1751e+43
1.0476e-02 2.1751e+43
1.1498e-02 2.1751e+43
1.2619e-02 2.1751e+43
1.3849e-02 2.1751e+43
1.5199e-02 2.1751e+43
1.6681e-02 2.1751e+43
1.8307e-02 2.1751e+43
2.0092e-02 2.1751e+43
2.2051e-02 2.1751e+43
2.4201e-02 2.1751e+43
2.6561e-02 2.1751e+43
2.9151e-02 2.1751e+43
3.1993e-02 2.1751e+43
3.5112e-02 2.1751e+43
3.8535e-02 2.1751e+43
4.2292e-02 2.1751e+43
4.6416e-02 2.1751e+43
5.0941e-02 2.1751e+43
5.5908e-02 2.1751e+43
6.1359e-02 2.1751e+43
6.7342e-02 2.1751e+43
7.3907e-02 2.1751e+43
8.1113e-02 2.1751e+43
8.9022e-02 2.1751e+43
9.7701e-02 2.1751e+43
1.0723e-01 2.1751e+43
1.1768e-01 2.1751e+43
1.2915e-01 2.1751e+43
1.4175e-01 2.1751e+43
1.5557e-01 2.1751e+43
1.7074e-01 2.1751e+43
1.8738e-01 2.1751e+43
2.0565e-01 2.1751e+43
2.2570e-01 2.1751e+43
2.4771e-01 2.1751e+43
2.7186e-01 2.1751e+43
2.9836e-01 2.1751e+43
3.2745e-01 2.1751e+43
3.5938e-01 2.1751e+43
3.9442e-01 2.1751e+43
4.3288e-01 2.1751e+43
4.7508e-01 2.1751e+43
5.2140e-01 2.1751e+43
5.7224e-01 2.1751e+43
6.2803e-01 2.1751e+43
6.8926e-01 2.1751e+43
7.5646e-01 2.1751e+43
8.3022e-01 2.1751e+43
9.1116e-01 2.1751e+43
1.0000e+00 2.1751e+43
